0.01846463	2.54900000	0.04706634	
0.06554499
0.01846011	170.00000000	3.13821870	
3.20376369
0.01846010	0.20000000	0.00369202	
3.20745571
0.01846007	14.57848943	0.26911994	
3.47657565
0.01845770	6.20826668	0.11459032	
3.59116597
0.01845178	13.22994200	0.24411598	
3.83528195
0.01844474	4.26484330	0.07866393	
3.91394588
0.01844331	0.20010833	0.00369066	
3.91763654
0.01843271	55.00000000	1.01379905	
4.93143559
0.01843242	255.00000000	4.70026710	
9.63170269
0.01842184	1.23000000	0.02265886	
9.65436155
0.01841566	40.67000000	0.74896489	
10.40332644
0.01841565	43.00000000	0.79187295	
11.19519939
0.01839765	47.80000000	0.87940767	
12.07460706
0.01839463	0.01140790	0.00020984	
12.07481690
0.01838112	26.00000000	0.47790912	
12.55272602
0.01837868	0.00999892	0.00018377	
 

